[usb_49078]
; name=usb_49078
; devicenum=1
devstr=1-1.5:1.0
rxmixerset=10
txmixaset=25
txmixbset=500
rxvoiceadj=0.515037
rxctcssadj=0.171101
txctcssadj=35
rxsquelchadj=500
fever=0
